##########  ##########  ##########  ##########  ##########  ##########  
Time+       Distance    NC Ampl.    Time-       Distance    NC Ampl.    
sec         microns     V           sec         microns     V           
0           -0.02       -3.672      0.998       -0.02       -0.1584     
0.002       -0.01796    -3.672      0.996       -0.01796    -0.1611     
0.004       -0.01592    -0.8624     0.994       -0.01592    -0.1593     
0.006       -0.01388    0.6903      0.992       -0.01388    -0.1547     
0.008       -0.01184    -0.2228     0.99        -0.01184    -0.1691     
0.01        -0.0098     -0.09186    0.988       -0.0098     -0.1593     
0.012       -0.00776    -0.1697     0.986       -0.00776    -0.163      
0.014       -0.00572    -0.2737     0.984       -0.00572    -0.1611     
0.016       -0.00368    -0.209      0.982       -0.00368    -0.163      
0.018       -0.00164    -0.1257     0.98        -0.00164    -0.1544     
0.02        0.0004      -0.1904     0.978       0.0004      -0.1675     
0.022       0.00244     -0.1395     0.976       0.00244     -0.1605     
0.024       0.00448     -0.1147     0.974       0.00448     -0.1587     
0.026       0.00652     -0.1553     0.972       0.00652     -0.162      
0.028       0.00856     -0.1425     0.97        0.00856     -0.159      
0.03        0.0106      -0.1523     0.968       0.0106      -0.1648     
0.032       0.01264     -0.1578     0.966       0.01264     -0.1611     
0.034       0.01468     -0.1547     0.964       0.01468     -0.1575     
0.036       0.01672     -0.1575     0.962       0.01672     -0.1566     
0.038       0.01876     -0.1529     0.96        0.01876     -0.1563     
0.04        0.0208      -0.1538     0.958       0.0208      -0.1596     
0.042       0.02284     -0.1529     0.956       0.02284     -0.1666     
0.044       0.02488     -0.1587     0.954       0.02488     -0.1617     
0.046       0.02692     -0.1468     0.952       0.02692     -0.1627     
0.048       0.02896     -0.1633     0.95        0.02896     -0.1599     
0.05        0.031       -0.1736     0.948       0.031       -0.1584     
0.052       0.03304     -0.1498     0.946       0.03304     -0.1611     
0.054       0.03508     -0.1651     0.944       0.03508     -0.1593     
0.056       0.03712     -0.1608     0.942       0.03712     -0.1642     
0.058       0.03916     -0.1489     0.94        0.03916     -0.1602     
0.06        0.0412      -0.1529     0.938       0.0412      -0.1617     
0.062       0.04324     -0.1611     0.936       0.04324     -0.1624     
0.064       0.04528     -0.1581     0.934       0.04528     -0.1624     
0.066       0.04732     -0.1569     0.932       0.04732     -0.162      
0.068       0.04936     -0.1569     0.93        0.04936     -0.1605     
0.07        0.0514      -0.1697     0.928       0.0514      -0.1639     
0.072       0.05344     -0.1523     0.926       0.05344     -0.1538     
0.074       0.05548     -0.1575     0.924       0.05548     -0.1721     
0.076       0.05752     -0.1532     0.922       0.05752     -0.1611     
0.078       0.05956     -0.152      0.92        0.05956     -0.1575     
0.08        0.0616      -0.1526     0.918       0.0616      -0.1605     
0.082       0.06364     -0.1593     0.916       0.06364     -0.159      
0.084       0.06568     -0.1602     0.914       0.06568     -0.1563     
0.086       0.06772     -0.1578     0.912       0.06772     -0.163      
0.088       0.06976     -0.1611     0.91        0.06976     -0.1614     
0.09        0.0718      -0.1639     0.908       0.0718      -0.163      
0.092       0.07384     -0.1566     0.906       0.07384     -0.1605     
0.094       0.07588     -0.1538     0.904       0.07588     -0.1666     
0.096       0.07792     -0.1538     0.902       0.07792     -0.1489     
0.098       0.07996     -0.1593     0.9         0.07996     -0.1608     
0.1         0.082       -0.1532     0.898       0.082       -0.1663     
0.102       0.08404     -0.1547     0.896       0.08404     -0.1645     
0.104       0.08608     -0.1605     0.894       0.08608     -0.1611     
0.106       0.08812     -0.1617     0.892       0.08812     -0.162      
0.108       0.09016     -0.1526     0.89        0.09016     -0.1614     
0.11        0.0922      -0.1505     0.888       0.0922      -0.1611     
0.112       0.09424     -0.1462     0.886       0.09424     -0.1642     
0.114       0.09628     -0.1511     0.884       0.09628     -0.1617     
0.116       0.09832     -0.1541     0.882       0.09832     -0.1617     
0.118       0.1004      -0.1526     0.88        0.1004      -0.1608     
0.12        0.1024      -0.159      0.878       0.1024      -0.1633     
0.122       0.1044      -0.1544     0.876       0.1044      -0.1584     
0.124       0.1065      -0.155      0.874       0.1065      -0.1566     
0.126       0.1085      -0.1514     0.872       0.1085      -0.1581     
0.128       0.1106      -0.1563     0.87        0.1106      -0.1572     
0.13        0.1126      -0.1535     0.868       0.1126      -0.1624     
0.132       0.1146      -0.1584     0.866       0.1146      -0.1617     
0.134       0.1167      -0.1563     0.864       0.1167      -0.1636     
0.136       0.1187      -0.1535     0.862       0.1187      -0.1651     
0.138       0.1208      -0.1541     0.86        0.1208      -0.1654     
0.14        0.1228      -0.1523     0.858       0.1228      -0.1587     
0.142       0.1248      -0.1514     0.856       0.1248      -0.1611     
0.144       0.1269      -0.155      0.854       0.1269      -0.1575     
0.146       0.1289      -0.1563     0.852       0.1289      -0.1642     
0.148       0.131       -0.1611     0.85        0.131       -0.1578     
0.15        0.133       -0.1569     0.848       0.133       -0.1581     
0.152       0.135       -0.1584     0.846       0.135       -0.1611     
0.154       0.1371      -0.1581     0.844       0.1371      -0.1624     
0.156       0.1391      -0.1602     0.842       0.1391      -0.1541     
0.158       0.1412      -0.1563     0.84        0.1412      -0.1599     
0.16        0.1432      -0.1538     0.838       0.1432      -0.1599     
0.162       0.1452      -0.1544     0.836       0.1452      -0.1636     
0.164       0.1473      -0.1514     0.834       0.1473      -0.1614     
0.166       0.1493      -0.1529     0.832       0.1493      -0.1599     
0.168       0.1514      -0.1541     0.83        0.1514      -0.1624     
0.17        0.1534      -0.1544     0.828       0.1534      -0.1611     
0.172       0.1554      -0.1584     0.826       0.1554      -0.1675     
0.174       0.1575      -0.1569     0.824       0.1575      -0.1645     
0.176       0.1595      -0.1535     0.822       0.1595      -0.1538     
0.178       0.1616      -0.1538     0.82        0.1616      -0.1614     
0.18        0.1636      -0.1544     0.818       0.1636      -0.1611     
0.182       0.1656      -0.1563     0.816       0.1656      -0.1596     
0.184       0.1677      -0.1508     0.814       0.1677      -0.1648     
0.186       0.1697      -0.1584     0.812       0.1697      -0.159      
0.188       0.1718      -0.1575     0.81        0.1718      -0.1651     
0.19        0.1738      -0.1575     0.808       0.1738      -0.1599     
0.192       0.1758      -0.1566     0.806       0.1758      -0.152      
0.194       0.1779      -0.1535     0.804       0.1779      -0.1587     
0.196       0.1799      -0.1517     0.802       0.1799      -0.1636     
0.198       0.182       -0.1578     0.8         0.182       -0.1624     
0.2         0.184       -0.1572     0.798       0.184       -0.1639     
0.202       0.186       -0.1514     0.796       0.186       -0.1627     
0.204       0.1881      -0.1575     0.794       0.1881      -0.1587     
0.206       0.1901      -0.1541     0.792       0.1901      -0.1636     
0.208       0.1922      -0.1633     0.79        0.1922      -0.1602     
0.21        0.1942      -0.1578     0.788       0.1942      -0.1614     
0.212       0.1962      -0.1523     0.786       0.1962      -0.1608     
0.214       0.1983      -0.1563     0.784       0.1983      -0.1602     
0.216       0.2003      -0.1535     0.782       0.2003      -0.1672     
0.218       0.2024      -0.152      0.78        0.2024      -0.1587     
0.22        0.2044      -0.1526     0.778       0.2044      -0.1523     
0.222       0.2064      -0.1544     0.776       0.2064      -0.1596     
0.224       0.2085      -0.1578     0.774       0.2085      -0.1617     
0.226       0.2105      -0.1563     0.772       0.2105      -0.1657     
0.228       0.2126      -0.1544     0.77        0.2126      -0.1605     
0.23        0.2146      -0.1508     0.768       0.2146      -0.1593     
0.232       0.2166      -0.1611     0.766       0.2166      -0.1382     
0.234       0.2187      -0.1541     0.764       0.2187      -0.1614     
0.236       0.2207      -0.145      0.762       0.2207      -0.1611     
0.238       0.2228      -0.1575     0.76        0.2228      -0.1611     
0.24        0.2248      -0.152      0.758       0.2248      -0.1599     
0.242       0.2268      -0.1599     0.756       0.2268      -0.1581     
0.244       0.2289      -0.1459     0.754       0.2289      -0.1593     
0.246       0.2309      -0.1566     0.752       0.2309      -0.1566     
0.248       0.233       -0.1508     0.75        0.233       -0.1587     
0.25        0.235       -0.1569     0.748       0.235       -0.1654     
0.252       0.237       -0.1587     0.746       0.237       -0.1611     
0.254       0.2391      -0.1584     0.744       0.2391      -0.1636     
0.256       0.2411      -0.1544     0.742       0.2411      -0.1578     
0.258       0.2432      -0.1529     0.74        0.2432      -0.1596     
0.26        0.2452      -0.1547     0.738       0.2452      -0.166      
0.262       0.2472      -0.1523     0.736       0.2472      -0.1611     
0.264       0.2493      -0.1547     0.734       0.2493      -0.1611     
0.266       0.2513      -0.1563     0.732       0.2513      -0.159      
0.268       0.2534      -0.1538     0.73        0.2534      -0.1648     
0.27        0.2554      -0.1523     0.728       0.2554      -0.1642     
0.272       0.2574      -0.152      0.726       0.2574      -0.1599     
0.274       0.2595      -0.1547     0.724       0.2595      -0.1593     
0.276       0.2615      -0.1584     0.722       0.2615      -0.1599     
0.278       0.2636      -0.1566     0.72        0.2636      -0.1645     
0.28        0.2656      -0.1581     0.718       0.2656      -0.159      
0.282       0.2676      -0.1477     0.716       0.2676      -0.1563     
0.284       0.2697      -0.1553     0.714       0.2697      -0.1624     
0.286       0.2717      -0.1505     0.712       0.2717      -0.1608     
0.288       0.2738      -0.1523     0.71        0.2738      -0.1624     
0.29        0.2758      -0.1535     0.708       0.2758      -0.1633     
0.292       0.2778      -0.1529     0.706       0.2778      -0.1645     
0.294       0.2799      -0.1575     0.704       0.2799      -0.1633     
0.296       0.2819      -0.1566     0.702       0.2819      -0.1599     
0.298       0.284       -0.1544     0.7         0.284       -0.1599     
0.3         0.286       -0.1529     0.698       0.286       -0.1581     
0.302       0.288       -0.1587     0.696       0.288       -0.1639     
0.304       0.2901      -0.1575     0.694       0.2901      -0.1624     
0.306       0.2921      -0.1572     0.692       0.2921      -0.162      
0.308       0.2942      -0.1541     0.69        0.2942      -0.1608     
0.31        0.2962      -0.1517     0.688       0.2962      -0.1553     
0.312       0.2982      -0.1553     0.686       0.2982      -0.1672     
0.314       0.3003      -0.1584     0.684       0.3003      -0.1587     
0.316       0.3023      -0.1474     0.682       0.3023      -0.1611     
0.318       0.3044      -0.1575     0.68        0.3044      -0.1675     
0.32        0.3064      -0.1514     0.678       0.3064      -0.1633     
0.322       0.3084      -0.1538     0.676       0.3084      -0.1596     
0.324       0.3105      -0.1541     0.674       0.3105      -0.1624     
0.326       0.3125      -0.1514     0.672       0.3125      -0.1614     
0.328       0.3146      -0.1535     0.67        0.3146      -0.1602     
0.33        0.3166      -0.1532     0.668       0.3166      -0.1587     
0.332       0.3186      -0.1523     0.666       0.3186      -0.1636     
0.334       0.3207      -0.1593     0.664       0.3207      -0.1596     
0.336       0.3227      -0.1541     0.662       0.3227      -0.1633     
0.338       0.3248      -0.1517     0.66        0.3248      -0.1563     
0.34        0.3268      -0.1563     0.658       0.3268      -0.1602     
0.342       0.3288      -0.159      0.656       0.3288      -0.162      
0.344       0.3309      -0.1563     0.654       0.3309      -0.1648     
0.346       0.3329      -0.1529     0.652       0.3329      -0.1514     
0.348       0.335       -0.1563     0.65        0.335       -0.163      
0.35        0.337       -0.1596     0.648       0.337       -0.1611     
0.352       0.339       -0.1563     0.646       0.339       -0.1617     
0.354       0.3411      -0.1584     0.644       0.3411      -0.1544     
0.356       0.3431      -0.1547     0.642       0.3431      -0.1584     
0.358       0.3452      -0.1535     0.64        0.3452      -0.1645     
0.36        0.3472      -0.1547     0.638       0.3472      -0.1611     
0.362       0.3492      -0.1569     0.636       0.3492      -0.1605     
0.364       0.3513      -0.1578     0.634       0.3513      -0.1627     
0.366       0.3533      -0.1563     0.632       0.3533      -0.1563     
0.368       0.3554      -0.1523     0.63        0.3554      -0.1627     
0.37        0.3574      -0.159      0.628       0.3574      -0.1599     
0.372       0.3594      -0.1578     0.626       0.3594      -0.1675     
0.374       0.3615      -0.1563     0.624       0.3615      -0.1605     
0.376       0.3635      -0.1575     0.622       0.3635      -0.1648     
0.378       0.3656      -0.1547     0.62        0.3656      -0.1572     
0.38        0.3676      -0.1563     0.618       0.3676      -0.1593     
0.382       0.3696      -0.1563     0.616       0.3696      -0.1624     
0.384       0.3717      -0.1581     0.614       0.3717      -0.1624     
0.386       0.3737      -0.1566     0.612       0.3737      -0.1685     
0.388       0.3758      -0.1547     0.61        0.3758      -0.1648     
0.39        0.3778      -0.1627     0.608       0.3778      -0.1599     
0.392       0.3798      -0.1569     0.606       0.3798      -0.1627     
0.394       0.3819      -0.1575     0.604       0.3819      -0.1642     
0.396       0.3839      -0.1575     0.602       0.3839      -0.1611     
0.398       0.386       -0.1578     0.6         0.386       -0.1611     
0.4         0.388       -0.1575     0.598       0.388       -0.1584     
0.402       0.39        -0.1538     0.596       0.39        -0.1602     
0.404       0.3921      -0.1535     0.594       0.3921      -0.1611     
0.406       0.3941      -0.1563     0.592       0.3941      -0.1636     
0.408       0.3962      -0.159      0.59        0.3962      -0.1611     
0.41        0.3982      -0.1587     0.588       0.3982      -0.1584     
0.412       0.4002      -0.1575     0.586       0.4002      -0.1642     
0.414       0.4023      -0.1593     0.584       0.4023      -0.1614     
0.416       0.4043      -0.1593     0.582       0.4043      -0.1608     
0.418       0.4064      -0.1541     0.58        0.4064      -0.1642     
0.42        0.4084      -0.1563     0.578       0.4084      -0.1465     
0.422       0.4104      -0.1563     0.576       0.4104      -0.1584     
0.424       0.4125      -0.1578     0.574       0.4125      -0.177      
0.426       0.4145      -0.1514     0.572       0.4145      -0.1675     
0.428       0.4166      -0.1575     0.57        0.4166      -0.1599     
0.43        0.4186      -0.1593     0.568       0.4186      -0.1617     
0.432       0.4206      -0.1578     0.566       0.4206      -0.1599     
0.434       0.4227      -0.1529     0.564       0.4227      -0.1614     
0.436       0.4247      -0.1563     0.562       0.4247      -0.1651     
0.438       0.4268      -0.1526     0.56        0.4268      -0.1611     
0.44        0.4288      -0.1563     0.558       0.4288      -0.1617     
0.442       0.4308      -0.1563     0.556       0.4308      -0.1575     
0.444       0.4329      -0.1569     0.554       0.4329      -0.1599     
0.446       0.4349      -0.1569     0.552       0.4349      -0.1624     
0.448       0.437       -0.1596     0.55        0.437       -0.1617     
0.45        0.439       -0.1569     0.548       0.439       -0.1599     
0.452       0.441       -0.1538     0.546       0.441       -0.1611     
0.454       0.4431      -0.1492     0.544       0.4431      -0.163      
0.456       0.4451      -0.1602     0.542       0.4451      -0.1648     
0.458       0.4472      -0.1587     0.54        0.4472      -0.1627     
0.46        0.4492      -0.1526     0.538       0.4492      -0.1572     
0.462       0.4512      -0.1563     0.536       0.4512      -0.1611     
0.464       0.4533      -0.1599     0.534       0.4533      -0.1633     
0.466       0.4553      -0.1514     0.532       0.4553      -0.1605     
0.468       0.4574      -0.1566     0.53        0.4574      -0.1617     
0.47        0.4594      -0.1563     0.528       0.4594      -0.1648     
0.472       0.4614      -0.1605     0.526       0.4614      -0.1639     
0.474       0.4635      -0.1572     0.524       0.4635      -0.1575     
0.476       0.4655      -0.1587     0.522       0.4655      -0.1599     
0.478       0.4676      -0.1532     0.52        0.4676      -0.1596     
0.48        0.4696      -0.1581     0.518       0.4696      -0.1672     
0.482       0.4716      -0.1614     0.516       0.4716      -0.1648     
0.484       0.4737      -0.1614     0.514       0.4737      -0.1569     
0.486       0.4757      -0.1569     0.512       0.4757      -0.1611     
0.488       0.4778      -0.1575     0.51        0.4778      -0.1563     
0.49        0.4798      -0.1535     0.508       0.4798      -0.1541     
0.492       0.4818      -0.1416     0.506       0.4818      -0.1645     
0.494       0.4839      -0.1563     0.504       0.4839      -0.1678     
0.496       0.4859      -0.159      0.502       0.4859      -0.1605     
0.498       0.488       -0.1569     0.5         0.488       -0.1627     
0.5         0.49        -0.1563     0.498       0.49        -0.1593     
0.502       0.492       -0.1532     0.496       0.492       -0.1563     
0.504       0.4941      -0.1617     0.494       0.4941      -0.1581     
0.506       0.4961      -0.1529     0.492       0.4961      -0.1611     
0.508       0.4982      -0.1535     0.49        0.4982      -0.1605     
0.51        0.5002      -0.1605     0.488       0.5002      -0.17       
0.512       0.5022      -0.1495     0.486       0.5022      -0.1602     
0.514       0.5043      -0.1547     0.484       0.5043      -0.1605     
0.516       0.5063      -0.1501     0.482       0.5063      -0.1569     
0.518       0.5084      -0.1563     0.48        0.5084      -0.1605     
0.52        0.5104      -0.1544     0.478       0.5104      -0.1581     
0.522       0.5124      -0.1514     0.476       0.5124      -0.1602     
0.524       0.5145      -0.1593     0.474       0.5145      -0.1642     
0.526       0.5165      -0.1578     0.472       0.5165      -0.1605     
0.528       0.5186      -0.1648     0.47        0.5186      -0.1596     
0.53        0.5206      -0.1578     0.468       0.5206      -0.1611     
0.532       0.5226      -0.1563     0.466       0.5226      -0.1578     
0.534       0.5247      -0.1541     0.464       0.5247      -0.159      
0.536       0.5267      -0.1563     0.462       0.5267      -0.1575     
0.538       0.5288      -0.1578     0.46        0.5288      -0.1633     
0.54        0.5308      -0.159      0.458       0.5308      -0.163      
0.542       0.5328      -0.1563     0.456       0.5328      -0.1578     
0.544       0.5349      -0.155      0.454       0.5349      -0.1596     
0.546       0.5369      -0.1572     0.452       0.5369      -0.1636     
0.548       0.539       -0.1587     0.45        0.539       -0.1566     
0.55        0.541       -0.155      0.448       0.541       -0.1651     
0.552       0.543       -0.1587     0.446       0.543       -0.1648     
0.554       0.5451      -0.1544     0.444       0.5451      -0.1648     
0.556       0.5471      -0.1541     0.442       0.5471      -0.1563     
0.558       0.5492      -0.1581     0.44        0.5492      -0.1611     
0.56        0.5512      -0.1584     0.438       0.5512      -0.1608     
0.562       0.5532      -0.1593     0.436       0.5532      -0.1648     
0.564       0.5553      -0.1382     0.434       0.5553      -0.1663     
0.566       0.5573      -0.1581     0.432       0.5573      -0.1651     
0.568       0.5594      -0.1572     0.43        0.5594      -0.1596     
0.57        0.5614      -0.1563     0.428       0.5614      -0.1611     
0.572       0.5634      -0.1523     0.426       0.5634      -0.1636     
0.574       0.5655      -0.1596     0.424       0.5655      -0.1575     
0.576       0.5675      -0.1529     0.422       0.5675      -0.1569     
0.578       0.5696      -0.1563     0.42        0.5696      -0.1611     
0.58        0.5716      -0.1569     0.418       0.5716      -0.1611     
0.582       0.5736      -0.1547     0.416       0.5736      -0.1675     
0.584       0.5757      -0.1605     0.414       0.5757      -0.1663     
0.586       0.5777      -0.1578     0.412       0.5777      -0.162      
0.588       0.5798      -0.1544     0.41        0.5798      -0.1605     
0.59        0.5818      -0.1541     0.408       0.5818      -0.1596     
0.592       0.5838      -0.1575     0.406       0.5838      -0.1599     
0.594       0.5859      -0.1593     0.404       0.5859      -0.1611     
0.596       0.5879      -0.1584     0.402       0.5879      -0.1569     
0.598       0.59        -0.155      0.4         0.59        -0.1633     
0.6         0.592       -0.1569     0.398       0.592       -0.1642     
0.602       0.594       -0.1605     0.396       0.594       -0.1584     
0.604       0.5961      -0.1627     0.394       0.5961      -0.1611     
0.606       0.5981      -0.1596     0.392       0.5981      -0.1544     
0.608       0.6002      -0.1685     0.39        0.6002      -0.1566     
0.61        0.6022      -0.1581     0.388       0.6022      -0.1593     
0.612       0.6042      -0.159      0.386       0.6042      -0.1514     
0.614       0.6063      -0.1611     0.384       0.6063      -0.159      
0.616       0.6083      -0.1526     0.382       0.6083      -0.1636     
0.618       0.6104      -0.1611     0.38        0.6104      -0.159      
0.62        0.6124      -0.1526     0.378       0.6124      -0.1657     
0.622       0.6144      -0.1569     0.376       0.6144      -0.1633     
0.624       0.6165      -0.1587     0.374       0.6165      -0.1563     
0.626       0.6185      -0.1563     0.372       0.6185      -0.1593     
0.628       0.6206      -0.1611     0.37        0.6206      -0.1575     
0.63        0.6226      -0.155      0.368       0.6226      -0.1563     
0.632       0.6246      -0.159      0.366       0.6246      -0.1553     
0.634       0.6267      -0.1587     0.364       0.6267      -0.1624     
0.636       0.6287      -0.1569     0.362       0.6287      -0.1614     
0.638       0.6308      -0.1605     0.36        0.6308      -0.1563     
0.64        0.6328      -0.1581     0.358       0.6328      -0.159      
0.642       0.6348      -0.1611     0.356       0.6348      -0.1599     
0.644       0.6369      -0.155      0.354       0.6369      -0.1605     
0.646       0.6389      -0.1602     0.352       0.6389      -0.1581     
0.648       0.641       -0.1584     0.35        0.641       -0.166      
0.65        0.643       -0.1544     0.348       0.643       -0.1575     
0.652       0.645       -0.1575     0.346       0.645       -0.1614     
0.654       0.6471      -0.1636     0.344       0.6471      -0.1572     
0.656       0.6491      -0.1544     0.342       0.6491      -0.159      
0.658       0.6512      -0.1541     0.34        0.6512      -0.1627     
0.66        0.6532      -0.1544     0.338       0.6532      -0.1678     
0.662       0.6552      -0.1563     0.336       0.6552      -0.1581     
0.664       0.6573      -0.159      0.334       0.6573      -0.1648     
0.666       0.6593      -0.1617     0.332       0.6593      -0.1587     
0.668       0.6614      -0.1596     0.33        0.6614      -0.1541     
0.67        0.6634      -0.1578     0.328       0.6634      -0.1624     
0.672       0.6654      -0.1575     0.326       0.6654      -0.1578     
0.674       0.6675      -0.1593     0.324       0.6675      -0.1617     
0.676       0.6695      -0.1563     0.322       0.6695      -0.1566     
0.678       0.6716      -0.1587     0.32        0.6716      -0.162      
0.68        0.6736      -0.155      0.318       0.6736      -0.1541     
0.682       0.6756      -0.1544     0.316       0.6756      -0.1624     
0.684       0.6777      -0.1526     0.314       0.6777      -0.1611     
0.686       0.6797      -0.1514     0.312       0.6797      -0.1575     
0.688       0.6818      -0.1566     0.31        0.6818      -0.1581     
0.69        0.6838      -0.1593     0.308       0.6838      -0.1611     
0.692       0.6858      -0.1611     0.306       0.6858      -0.1575     
0.694       0.6879      -0.166      0.304       0.6879      -0.1584     
0.696       0.6899      -0.1627     0.302       0.6899      -0.1578     
0.698       0.692       -0.1636     0.3         0.692       -0.1645     
0.7         0.694       -0.1514     0.298       0.694       -0.1636     
0.702       0.696       -0.1602     0.296       0.696       -0.1593     
0.704       0.6981      -0.152      0.294       0.6981      -0.1642     
0.706       0.7001      -0.1563     0.292       0.7001      -0.1563     
0.708       0.7022      -0.1611     0.29        0.7022      -0.159      
0.71        0.7042      -0.1547     0.288       0.7042      -0.1514     
0.712       0.7062      -0.1587     0.286       0.7062      -0.1563     
0.714       0.7083      -0.1563     0.284       0.7083      -0.1608     
0.716       0.7103      -0.1617     0.282       0.7103      -0.1624     
0.718       0.7124      -0.1587     0.28        0.7124      -0.1508     
0.72        0.7144      -0.159      0.278       0.7144      -0.1642     
0.722       0.7164      -0.1584     0.276       0.7164      -0.1611     
0.724       0.7185      -0.1547     0.274       0.7185      -0.1611     
0.726       0.7205      -0.1526     0.272       0.7205      -0.1608     
0.728       0.7226      -0.1605     0.27        0.7226      -0.1575     
0.73        0.7246      -0.1563     0.268       0.7246      -0.1605     
0.732       0.7266      -0.1563     0.266       0.7266      -0.1596     
0.734       0.7287      -0.1563     0.264       0.7287      -0.1596     
0.736       0.7307      -0.1587     0.262       0.7307      -0.1611     
0.738       0.7328      -0.1578     0.26        0.7328      -0.1617     
0.74        0.7348      -0.1602     0.258       0.7348      -0.1584     
0.742       0.7368      -0.152      0.256       0.7368      -0.1563     
0.744       0.7389      -0.159      0.254       0.7389      -0.1599     
0.746       0.7409      -0.1627     0.252       0.7409      -0.1645     
0.748       0.743       -0.1566     0.25        0.743       -0.1584     
0.75        0.745       -0.1587     0.248       0.745       -0.1611     
0.752       0.747       -0.1553     0.246       0.747       -0.1703     
0.754       0.7491      -0.1523     0.244       0.7491      -0.1617     
0.756       0.7511      -0.1547     0.242       0.7511      -0.1431     
0.758       0.7532      -0.1575     0.24        0.7532      -0.1599     
0.76        0.7552      -0.1514     0.238       0.7552      -0.1526     
0.762       0.7572      -0.1535     0.236       0.7572      -0.1563     
0.764       0.7593      -0.1563     0.234       0.7593      -0.1654     
0.766       0.7613      -0.163      0.232       0.7613      -0.1633     
0.768       0.7634      -0.159      0.23        0.7634      -0.1596     
0.77        0.7654      -0.1593     0.228       0.7654      -0.159      
0.772       0.7674      -0.1593     0.226       0.7674      -0.1599     
0.774       0.7695      -0.1578     0.224       0.7695      -0.1602     
0.776       0.7715      -0.1553     0.222       0.7715      -0.1605     
0.778       0.7736      -0.1575     0.22        0.7736      -0.1709     
0.78        0.7756      -0.1599     0.218       0.7756      -0.1651     
0.782       0.7776      -0.1511     0.216       0.7776      -0.1645     
0.784       0.7797      -0.155      0.214       0.7797      -0.1617     
0.786       0.7817      -0.1611     0.212       0.7817      -0.1611     
0.788       0.7838      -0.1581     0.21        0.7838      -0.1575     
0.79        0.7858      -0.1605     0.208       0.7858      -0.1602     
0.792       0.7878      -0.1489     0.206       0.7878      -0.162      
0.794       0.7899      -0.1578     0.204       0.7899      -0.1581     
0.796       0.7919      -0.1593     0.202       0.7919      -0.1617     
0.798       0.794       -0.1556     0.2         0.794       -0.1547     
0.8         0.796       -0.1614     0.198       0.796       -0.1566     
0.802       0.798       -0.1547     0.196       0.798       -0.1563     
0.804       0.8001      -0.1575     0.194       0.8001      -0.1578     
0.806       0.8021      -0.1581     0.192       0.8021      -0.162      
0.808       0.8042      -0.159      0.19        0.8042      -0.1593     
0.81        0.8062      -0.1627     0.188       0.8062      -0.1651     
0.812       0.8082      -0.1517     0.186       0.8082      -0.162      
0.814       0.8103      -0.1544     0.184       0.8103      -0.1566     
0.816       0.8123      -0.1514     0.182       0.8123      -0.162      
0.818       0.8144      -0.1526     0.18        0.8144      -0.159      
0.82        0.8164      -0.1563     0.178       0.8164      -0.1642     
0.822       0.8184      -0.1569     0.176       0.8184      -0.1566     
0.824       0.8205      -0.1566     0.174       0.8205      -0.163      
0.826       0.8225      -0.163      0.172       0.8225      -0.1544     
0.828       0.8246      -0.1575     0.17        0.8246      -0.1611     
0.83        0.8266      -0.1566     0.168       0.8266      -0.1642     
0.832       0.8286      -0.1587     0.166       0.8286      -0.1602     
0.834       0.8307      -0.1501     0.164       0.8307      -0.1614     
0.836       0.8327      -0.1563     0.162       0.8327      -0.1608     
0.838       0.8348      -0.1584     0.16        0.8348      -0.1627     
0.84        0.8368      -0.1563     0.158       0.8368      -0.163      
0.842       0.8388      -0.1492     0.156       0.8388      -0.1566     
0.844       0.8409      -0.1593     0.154       0.8409      -0.1587     
0.846       0.8429      -0.1584     0.152       0.8429      -0.1556     
0.848       0.845       -0.1581     0.15        0.845       -0.1617     
0.85        0.847       -0.159      0.148       0.847       -0.162      
0.852       0.849       -0.1563     0.146       0.849       -0.1624     
0.854       0.8511      -0.162      0.144       0.8511      -0.2017     
0.856       0.8531      -0.1563     0.142       0.8531      -0.1929     
0.858       0.8552      -0.1611     0.14        0.8552      -0.1868     
0.86        0.8572      -0.1569     0.138       0.8572      -0.1834     
0.862       0.8592      -0.1511     0.136       0.8592      -0.1797     
0.864       0.8613      -0.1617     0.134       0.8613      -0.1791     
0.866       0.8633      -0.1541     0.132       0.8633      -0.1773     
0.868       0.8654      -0.152      0.13        0.8654      -0.1837     
0.87        0.8674      -0.159      0.128       0.8674      -0.2307     
0.872       0.8694      -0.1599     0.126       0.8694      -0.224      
0.874       0.8715      -0.1569     0.124       0.8715      -0.3012     
0.876       0.8735      -0.1566     0.122       0.8735      -0.2899     
0.878       0.8756      -0.1578     0.12        0.8756      -0.2747     
0.88        0.8776      -0.1498     0.118       0.8776      -0.2686     
0.882       0.8796      -0.152      0.116       0.8796      -0.2591     
0.884       0.8817      -0.1538     0.114       0.8817      -0.249      
0.886       0.8837      -0.1492     0.112       0.8837      -0.2444     
0.888       0.8858      -0.1593     0.11        0.8858      -0.2271     
0.89        0.8878      -0.1578     0.108       0.8878      -0.2319     
0.892       0.8898      -0.1523     0.106       0.8898      -0.2319     
0.894       0.8919      -0.1526     0.104       0.8919      -0.2283     
0.896       0.8939      -0.1563     0.102       0.8939      -0.22       
0.898       0.896       -0.1611     0.1         0.896       -0.213      
0.9         0.898       -0.1538     0.098       0.898       -0.2029     
0.902       0.9         -0.1569     0.096       0.9         -0.2466     
0.904       0.9021      -0.1559     0.094       0.9021      -0.2505     
0.906       0.9041      -0.1547     0.092       0.9041      -0.2399     
0.908       0.9062      -0.1599     0.09        0.9062      -0.2423     
0.91        0.9082      -0.1569     0.088       0.9082      -0.2682     
0.912       0.9102      -0.1541     0.086       0.9102      -0.2765     
0.914       0.9123      -0.1578     0.084       0.9123      -0.2823     
0.916       0.9143      -0.1602     0.082       0.9143      -0.2563     
0.918       0.9164      -0.1581     0.08        0.9164      -0.2426     
0.92        0.9184      -0.1624     0.078       0.9184      -0.2301     
0.922       0.9204      -0.1581     0.076       0.9204      -0.2066     
0.924       0.9225      -0.1566     0.074       0.9225      -0.1932     
0.926       0.9245      -0.1624     0.072       0.9245      -0.1807     
0.928       0.9266      -0.159      0.07        0.9266      -0.1648     
0.93        0.9286      -0.1572     0.068       0.9286      -0.1428     
0.932       0.9306      -0.1593     0.066       0.9306      -0.127      
0.934       0.9327      -0.1611     0.064       0.9327      -0.1099     
0.936       0.9347      -0.1868     0.062       0.9347      -0.08881    
0.938       0.9368      -0.1752     0.06        0.9368      -0.07324    
0.94        0.9388      -0.1605     0.058       0.9388      -0.06134    
0.942       0.9408      -0.1431     0.056       0.9408      -0.04211    
0.944       0.9429      -0.1239     0.054       0.9429      -0.02136    
0.946       0.9449      -0.1035     0.052       0.9449      -0.005493   
0.948       0.947       -0.07813    0.05        0.947       0.01404     
0.95        0.949       -0.07141    0.048       0.949       0.03448     
0.952       0.951       -0.04944    0.046       0.951       0.05035     
0.954       0.9531      -0.03082    0.044       0.9531      0.06592     
0.956       0.9551      -0.01587    0.042       0.9551      0.08636     
0.958       0.9572      0.01038     0.04        0.9572      0.1025      
0.96        0.9592      0.03113     0.038       0.9592      0.1181      
0.962       0.9612      0.05707     0.036       0.9612      0.1324      
0.964       0.9633      0.05951     0.034       0.9633      0.1529      
0.966       0.9653      0.08453     0.032       0.9653      0.1703      
0.968       0.9674      0.1028      0.03        0.9674      0.1831      
0.97        0.9694      0.1193      0.028       0.9694      0.2069      
0.972       0.9714      0.1434      0.026       0.9714      0.2219      
0.974       0.9735      0.1614      0.024       0.9735      0.2383      
0.976       0.9755      0.1749      0.022       0.9755      0.2521      
0.978       0.9776      0.1895      0.02        0.9776      0.2765      
0.98        0.9796      0.2176      0.018       0.9796      0.2914      
0.982       0.9816      0.2371      0.016       0.9816      0.3061      
0.984       0.9837      0.2542      0.014       0.9837      0.3296      
0.986       0.9857      0.2792      0.012       0.9857      0.3452      
0.988       0.9878      0.2972      0.01        0.9878      0.3564      
0.99        0.9898      0.3091      0.008       0.9898      0.3717      
0.992       0.9918      0.3299      0.006       0.9918      0.3912      
0.994       0.9939      0.354       0.004       0.9939      0.4071      
0.996       0.9959      0.3708      0.002       0.9959      0.4135      
0.998       0.998       0.3879      -8.743e-016 0.998       0.3879      
                                                                                                                                                                                                                                                                                                                                                                                                                                                                                                                                                                                                                                                                                                                                                                                                                                                                                                                                                                                                                                                                                                                                                                                                                                                                                                                                                                                                                                                                                                                                                                                                                                                                                                                                                                                                                                                                                                                                                                                                                                                                                                                                                                                                                                                                                                                                                                                                                                                                                                                                                                                                                                                                                                                                                                                                                                                                                                                                                                                                                                                                                                                                                                                                                                                                                                                                                                                                                                                                                                                                                                                                                                                                                                                                                                                                                                                                                                                                                                                                                                                                                                                                                                                                                                                                                                                                                                                                                                                                                                                                                                                                                                                                                                                                                                                                                                                                                                                                                                                                                                                                                                                                                                                                                                                                                                                                                                                                                                                                                                                                                                                                                                                                                                                                                                                                                                                                                                                                                                                                                                                                                                                                                                                                                                                                                                                                                                                                                                                                                                                                                                                                                                                                                                                                                                                                                                                                                                                                                                                                                                                                                                                                                                                                                                                                                                                                                                                                                                                                                                                                                                                                                                                                                                                                                                                                                                                                                                                                                                                                                                                                                                                                                                                                                                                                                                                                                                                                                                                                                                                                                                                                                                                                                                                                                                                                                                                                                                                                                                                                                                                                                                                                                                                                                                                                                                                                                                                                                                                                                                                                                                                                                                                                                                                                                                                                                                                                                                                                                                                                                                                                                                                                                                                                                                                                                                                                                                                                                                                                                                                                                                                                                                                                                                                                                                                                                                                                                                                                                                                                                                                                                                                                                                                                                                                                                                                                                                                                                                                                                                                                                                                                                                                                                                                                                                                                                                                                                                                                                                                                                                                                                                                                                                                                                                                                                                                                                                                                                                                                                                                                                                                                                                                                                                                                                                                                                                                                                                                                                                                                                                                                                                                                                                                                                                                                                                                                                                                                                                                                                                                                                                                                                                                                                                                                                                                                                                                                                                                                                                                                                                                                                                                                                                                                                                                                                                                                                                                                                                                                                                                                                                                                                                                                                                                                                                                                                                                                                                                                                                                                                                                                                                                                                                                                                                                                                                                                                                                                                                                                                                                                                                                                                                                                                                                                                                                                                                                                                                                                                                                                                                                                                                                                                                                                                                                                                                                                                                                                                                                                                                                                                                                                                                                                                                                                                                                                                                                                                                                                                                                                                                                                                                                                                                                                                                                                                                                                                                                                                                                                                                                                                                                                                                                                                                                                                                                                                                                                                                                                                                                                                                                                                                                                                                                                                                                                                                                                                                                                                                                                                                                                                                                                                                                                                                                                                                                                                                                                                                                                                                                                                                                                                                                                                                                                                                                                                                                                                                                                                                                                                                                                                                                                                                                                                                                                                                                                                                                                                                                                                                                                                                                                                                                                                                                                                                                                                                                                                                                                                                                                                                                                                                                                                                                                                                                                                                                                                                                                                                                                                                                                                                                                                                                                                                                                                                                                                                                                                                                                                                                                                                                                                                                                                                                                                                                                                                                                                                                                                                                                                                                                                                                                                                                                                                                                                                                                                                                                                                                                                                                                                                                                                                                                                                                                                                                                                                                                                                                                                                                                                                                                                                                                                                                                                                                                                                                                                                                                                                                                                                                                                                                                                                                                                                                                                                                                                                                                                                                                                                                                                                                                                                                                                                                                                                                                                                                                                                                                                                                                                                                                                                                                                                                                                                                                                                                                                                                                                                                                                                                                                                                                                                                                                                                                                                                                                                                                                                                                                                                                                                                                                                                                                                                                                                                                                                                                                                                                                                                                                                                                                                                                                                                                                                                                                                                                                                                                                                                                                                                                                                                                                                                                                                                                                                                                                                                                                                                                                                                                                                                                                                                                                                                                                                                                                                                                                                                                                                                                                                                                                                                                                                                                                                                                                                                                                                                                                                                                                                                                                                                                                                                                                                                                                                                                                                                                                                                                                                                                                                                                                                                                                                                                                                                                                                                                                                                                                                                                                                                                                                                                                                                                                                                                                                                                                                                                                                                                                                                                                                                                                                                                                                                                                                                                                                                                                                                                                                                                                                                                                                                                                                                                                                                                                                                                                                                                                                                                                                                                                                                                                                                                                                                                                                                                                                                                                                                                                                                                                                                                                                                                                                                                                                                                                                                                                                                                                                                                                                                                                                                                                                                                                                                                                                                                                                                                                                                                                                                                                                                                                                                                                                                                                                                                                                                                                                                                                                                                                                                                                                                                                                                                                                                                                                                                                                                                                                                                                                                                                                                                                                                                                                                                                                                                                                                                                                                                                                                                                                                                                                                                                                                                                                                                                                                                                                                                                                                                                                                                                                                                                                                                                                                                                                                                                                                                                                                                                                                                                                                                                                                                                                                                                                                                                                                                                                                                                                                                                                                                                                                                                                                                                                                                                                                                                                                                                                                                                                                                                                                                                                                                                                                                                                                                                                                                                                                                                                                                                                                                                                                                                                                                                                                                                                                                                                                                                                                                                                                                                                                                                                                                                                                                                                                                                                                                                                                                                                                                                                                                                                                                                                                                                                                                                                                                                                                                                                                                                                                                                                                                                                                                                                                                                                                                                                                                                                                                                                                                                                                                                                                                                                                                                                                                                                                                                                                                                                                                                                                                                                                                                                                                                                                                                                                                                                                                                                                                                                                                                                     