##########  ##########  ##########  ##########  ##########  ##########  
Time+       Distance    NC Ampl.    Time-       Distance    NC Ampl.    
sec         microns     V           sec         microns     V           
0           -0.02       -3.687      0.998       -0.02       -0.1627     
0.002       -0.01796    -3.687      0.996       -0.01796    -0.1672     
0.004       -0.01592    -0.8725     0.994       -0.01592    -0.1617     
0.006       -0.01388    0.6906      0.992       -0.01388    -0.1843     
0.008       -0.01184    -0.2267     0.99        -0.01184    -0.1651     
0.01        -0.0098     -0.09949    0.988       -0.0098     -0.1611     
0.012       -0.00776    -0.1782     0.986       -0.00776    -0.1648     
0.014       -0.00572    -0.2814     0.984       -0.00572    -0.1636     
0.016       -0.00368    -0.2167     0.982       -0.00368    -0.1688     
0.018       -0.00164    -0.1355     0.98        -0.00164    -0.1581     
0.02        0.0004      -0.1987     0.978       0.0004      -0.1678     
0.022       0.00244     -0.1489     0.976       0.00244     -0.1599     
0.024       0.00448     -0.1291     0.974       0.00448     -0.162      
0.026       0.00652     -0.1657     0.972       0.00652     -0.1608     
0.028       0.00856     -0.1465     0.97        0.00856     -0.166      
0.03        0.0106      -0.1642     0.968       0.0106      -0.1645     
0.032       0.01264     -0.1709     0.966       0.01264     -0.1672     
0.034       0.01468     -0.1672     0.964       0.01468     -0.1648     
0.036       0.01672     -0.1712     0.962       0.01672     -0.1624     
0.038       0.01876     -0.1642     0.96        0.01876     -0.159      
0.04        0.0208      -0.1611     0.958       0.0208      -0.1642     
0.042       0.02284     -0.1645     0.956       0.02284     -0.1642     
0.044       0.02488     -0.1678     0.954       0.02488     -0.159      
0.046       0.02692     -0.1599     0.952       0.02692     -0.163      
0.048       0.02896     -0.1706     0.95        0.02896     -0.1627     
0.05        0.031       -0.1791     0.948       0.031       -0.1611     
0.052       0.03304     -0.1688     0.946       0.03304     -0.1633     
0.054       0.03508     -0.1749     0.944       0.03508     -0.1682     
0.056       0.03712     -0.1724     0.942       0.03712     -0.1633     
0.058       0.03916     -0.1617     0.94        0.03916     -0.1651     
0.06        0.0412      -0.1672     0.938       0.0412      -0.1642     
0.062       0.04324     -0.1663     0.936       0.04324     -0.163      
0.064       0.04528     -0.1642     0.934       0.04528     -0.1624     
0.066       0.04732     -0.1685     0.932       0.04732     -0.1611     
0.068       0.04936     -0.1706     0.93        0.04936     -0.162      
0.07        0.0514      -0.1709     0.928       0.0514      -0.1724     
0.072       0.05344     -0.1642     0.926       0.05344     -0.1645     
0.074       0.05548     -0.1694     0.924       0.05548     -0.1468     
0.076       0.05752     -0.1721     0.922       0.05752     -0.1596     
0.078       0.05956     -0.1691     0.92        0.05956     -0.1617     
0.08        0.0616      -0.1678     0.918       0.0616      -0.1602     
0.082       0.06364     -0.1669     0.916       0.06364     -0.1666     
0.084       0.06568     -0.1712     0.914       0.06568     -0.1645     
0.086       0.06772     -0.1691     0.912       0.06772     -0.1648     
0.088       0.06976     -0.1633     0.91        0.06976     -0.1642     
0.09        0.0718      -0.1718     0.908       0.0718      -0.1672     
0.092       0.07384     -0.166      0.906       0.07384     -0.1639     
0.094       0.07588     -0.1688     0.904       0.07588     -0.1654     
0.096       0.07792     -0.1611     0.902       0.07792     -0.1639     
0.098       0.07996     -0.1694     0.9         0.07996     -0.1587     
0.1         0.082       -0.1505     0.898       0.082       -0.1657     
0.102       0.08404     -0.1682     0.896       0.08404     -0.1651     
0.104       0.08608     -0.1709     0.894       0.08608     -0.1642     
0.106       0.08812     -0.1733     0.892       0.08812     -0.1691     
0.108       0.09016     -0.1697     0.89        0.09016     -0.1642     
0.11        0.0922      -0.1733     0.888       0.0922      -0.1666     
0.112       0.09424     -0.1709     0.886       0.09424     -0.1697     
0.114       0.09628     -0.173      0.884       0.09628     -0.1651     
0.116       0.09832     -0.1663     0.882       0.09832     -0.1611     
0.118       0.1004      -0.1645     0.88        0.1004      -0.1627     
0.12        0.1024      -0.1736     0.878       0.1024      -0.1648     
0.122       0.1044      -0.1703     0.876       0.1044      -0.1648     
0.124       0.1065      -0.1697     0.874       0.1065      -0.1654     
0.126       0.1085      -0.17       0.872       0.1085      -0.1614     
0.128       0.1106      -0.1675     0.87        0.1106      -0.1697     
0.13        0.1126      -0.166      0.868       0.1126      -0.1709     
0.132       0.1146      -0.1685     0.866       0.1146      -0.1651     
0.134       0.1167      -0.1648     0.864       0.1167      -0.1636     
0.136       0.1187      -0.1678     0.862       0.1187      -0.1651     
0.138       0.1208      -0.1709     0.86        0.1208      -0.1651     
0.14        0.1228      -0.1666     0.858       0.1228      -0.1691     
0.142       0.1248      -0.1678     0.856       0.1248      -0.1633     
0.144       0.1269      -0.1678     0.854       0.1269      -0.1627     
0.146       0.1289      -0.1685     0.852       0.1289      -0.1666     
0.148       0.131       -0.1682     0.85        0.131       -0.1648     
0.15        0.133       -0.1709     0.848       0.133       -0.1654     
0.152       0.135       -0.166      0.846       0.135       -0.1611     
0.154       0.1371      -0.1703     0.844       0.1371      -0.1672     
0.156       0.1391      -0.1675     0.842       0.1391      -0.1642     
0.158       0.1412      -0.166      0.84        0.1412      -0.1639     
0.16        0.1432      -0.1691     0.838       0.1432      -0.1669     
0.162       0.1452      -0.1666     0.836       0.1452      -0.1636     
0.164       0.1473      -0.1633     0.834       0.1473      -0.1642     
0.166       0.1493      -0.1602     0.832       0.1493      -0.166      
0.168       0.1514      -0.1663     0.83        0.1514      -0.1611     
0.17        0.1534      -0.1678     0.828       0.1534      -0.166      
0.172       0.1554      -0.1651     0.826       0.1554      -0.1654     
0.174       0.1575      -0.1709     0.824       0.1575      -0.1563     
0.176       0.1595      -0.17       0.822       0.1595      -0.1669     
0.178       0.1616      -0.17       0.82        0.1616      -0.1611     
0.18        0.1636      -0.1645     0.818       0.1636      -0.1709     
0.182       0.1656      -0.1694     0.816       0.1656      -0.1651     
0.184       0.1677      -0.1675     0.814       0.1677      -0.1691     
0.186       0.1697      -0.1624     0.812       0.1697      -0.1651     
0.188       0.1718      -0.1746     0.81        0.1718      -0.1672     
0.19        0.1738      -0.1691     0.808       0.1738      -0.1669     
0.192       0.1758      -0.1651     0.806       0.1758      -0.163      
0.194       0.1779      -0.163      0.804       0.1779      -0.1611     
0.196       0.1799      -0.1694     0.802       0.1799      -0.1617     
0.198       0.182       -0.1675     0.8         0.182       -0.1675     
0.2         0.184       -0.155      0.798       0.184       -0.173      
0.202       0.186       -0.1617     0.796       0.186       -0.1651     
0.204       0.1881      -0.166      0.794       0.1881      -0.1935     
0.206       0.1901      -0.1651     0.792       0.1901      -0.1682     
0.208       0.1922      -0.1657     0.79        0.1922      -0.1685     
0.21        0.1942      -0.1675     0.788       0.1942      -0.1581     
0.212       0.1962      -0.1639     0.786       0.1962      -0.1624     
0.214       0.1983      -0.1758     0.784       0.1983      -0.1648     
0.216       0.2003      -0.1697     0.782       0.2003      -0.1654     
0.218       0.2024      -0.1694     0.78        0.2024      -0.1678     
0.22        0.2044      -0.1605     0.778       0.2044      -0.1672     
0.222       0.2064      -0.1736     0.776       0.2064      -0.1672     
0.224       0.2085      -0.1691     0.774       0.2085      -0.1648     
0.226       0.2105      -0.177      0.772       0.2105      -0.1617     
0.228       0.2126      -0.1678     0.77        0.2126      -0.1706     
0.23        0.2146      -0.1672     0.768       0.2146      -0.166      
0.232       0.2166      -0.1678     0.766       0.2166      -0.1639     
0.234       0.2187      -0.1688     0.764       0.2187      -0.1639     
0.236       0.2207      -0.1666     0.762       0.2207      -0.1627     
0.238       0.2228      -0.1709     0.76        0.2228      -0.1691     
0.24        0.2248      -0.1617     0.758       0.2248      -0.1669     
0.242       0.2268      -0.1682     0.756       0.2268      -0.1682     
0.244       0.2289      -0.1654     0.754       0.2289      -0.1688     
0.246       0.2309      -0.1654     0.752       0.2309      -0.1688     
0.248       0.233       -0.1703     0.75        0.233       -0.1691     
0.25        0.235       -0.1669     0.748       0.235       -0.1709     
0.252       0.237       -0.17       0.746       0.237       -0.1682     
0.254       0.2391      -0.1685     0.744       0.2391      -0.1645     
0.256       0.2411      -0.1685     0.742       0.2411      -0.1678     
0.258       0.2432      -0.17       0.74        0.2432      -0.1691     
0.26        0.2452      -0.166      0.738       0.2452      -0.166      
0.262       0.2472      -0.1709     0.736       0.2472      -0.1593     
0.264       0.2493      -0.1709     0.734       0.2493      -0.1663     
0.266       0.2513      -0.1639     0.732       0.2513      -0.1694     
0.268       0.2534      -0.1682     0.73        0.2534      -0.1678     
0.27        0.2554      -0.1715     0.728       0.2554      -0.1694     
0.272       0.2574      -0.1672     0.726       0.2574      -0.1663     
0.274       0.2595      -0.163      0.724       0.2595      -0.1663     
0.276       0.2615      -0.1712     0.722       0.2615      -0.1706     
0.278       0.2636      -0.17       0.72        0.2636      -0.1709     
0.28        0.2656      -0.1654     0.718       0.2656      -0.1675     
0.282       0.2676      -0.1682     0.716       0.2676      -0.1785     
0.284       0.2697      -0.1697     0.714       0.2697      -0.1648     
0.286       0.2717      -0.1709     0.712       0.2717      -0.1703     
0.288       0.2738      -0.1654     0.71        0.2738      -0.1746     
0.29        0.2758      -0.1672     0.708       0.2758      -0.1691     
0.292       0.2778      -0.1691     0.706       0.2778      -0.1685     
0.294       0.2799      -0.1651     0.704       0.2799      -0.1688     
0.296       0.2819      -0.1712     0.702       0.2819      -0.1648     
0.298       0.284       -0.1675     0.7         0.284       -0.17       
0.3         0.286       -0.1709     0.698       0.286       -0.1682     
0.302       0.288       -0.1718     0.696       0.288       -0.1688     
0.304       0.2901      -0.1666     0.694       0.2901      -0.174      
0.306       0.2921      -0.1691     0.692       0.2921      -0.1724     
0.308       0.2942      -0.1727     0.69        0.2942      -0.1685     
0.31        0.2962      -0.1691     0.688       0.2962      -0.1672     
0.312       0.2982      -0.1666     0.686       0.2982      -0.1678     
0.314       0.3003      -0.1651     0.684       0.3003      -0.1736     
0.316       0.3023      -0.1672     0.682       0.3023      -0.1675     
0.318       0.3044      -0.1636     0.68        0.3044      -0.1782     
0.32        0.3064      -0.1709     0.678       0.3064      -0.1685     
0.322       0.3084      -0.174      0.676       0.3084      -0.1685     
0.324       0.3105      -0.174      0.674       0.3105      -0.1697     
0.326       0.3125      -0.1703     0.672       0.3125      -0.173      
0.328       0.3146      -0.1724     0.67        0.3146      -0.1709     
0.33        0.3166      -0.1852     0.668       0.3166      -0.1657     
0.332       0.3186      -0.1733     0.666       0.3186      -0.1758     
0.334       0.3207      -0.1703     0.664       0.3207      -0.1712     
0.336       0.3227      -0.1669     0.662       0.3227      -0.1724     
0.338       0.3248      -0.1721     0.66        0.3248      -0.1715     
0.34        0.3268      -0.1724     0.658       0.3268      -0.1709     
0.342       0.3288      -0.1685     0.656       0.3288      -0.1727     
0.344       0.3309      -0.1724     0.654       0.3309      -0.1733     
0.346       0.3329      -0.1663     0.652       0.3329      -0.1682     
0.348       0.335       -0.1651     0.65        0.335       -0.1688     
0.35        0.337       -0.1682     0.648       0.337       -0.1794     
0.352       0.339       -0.1712     0.646       0.339       -0.1758     
0.354       0.3411      -0.1761     0.644       0.3411      -0.173      
0.356       0.3431      -0.1709     0.642       0.3431      -0.1816     
0.358       0.3452      -0.1697     0.64        0.3452      -0.1685     
0.36        0.3472      -0.1682     0.638       0.3472      -0.1764     
0.362       0.3492      -0.1669     0.636       0.3492      -0.1712     
0.364       0.3513      -0.1709     0.634       0.3513      -0.1733     
0.366       0.3533      -0.1758     0.632       0.3533      -0.1764     
0.368       0.3554      -0.1715     0.63        0.3554      -0.1721     
0.37        0.3574      -0.1715     0.628       0.3574      -0.1761     
0.372       0.3594      -0.1718     0.626       0.3594      -0.1694     
0.374       0.3615      -0.1749     0.624       0.3615      -0.1724     
0.376       0.3635      -0.1697     0.622       0.3635      -0.1758     
0.378       0.3656      -0.1743     0.62        0.3656      -0.173      
0.38        0.3676      -0.1706     0.618       0.3676      -0.1749     
0.382       0.3696      -0.1709     0.616       0.3696      -0.1749     
0.384       0.3717      -0.166      0.614       0.3717      -0.1718     
0.386       0.3737      -0.1743     0.612       0.3737      -0.1758     
0.388       0.3758      -0.1691     0.61        0.3758      -0.1709     
0.39        0.3778      -0.1761     0.608       0.3778      -0.1758     
0.392       0.3798      -0.1761     0.606       0.3798      -0.1785     
0.394       0.3819      -0.1736     0.604       0.3819      -0.1727     
0.396       0.3839      -0.1715     0.602       0.3839      -0.1782     
0.398       0.386       -0.1715     0.6         0.386       -0.1758     
0.4         0.388       -0.1758     0.598       0.388       -0.1776     
0.402       0.39        -0.1654     0.596       0.39        -0.1706     
0.404       0.3921      -0.1706     0.594       0.3921      -0.1733     
0.406       0.3941      -0.1709     0.592       0.3941      -0.1743     
0.408       0.3962      -0.159      0.59        0.3962      -0.174      
0.41        0.3982      -0.1749     0.588       0.3982      -0.1773     
0.412       0.4002      -0.1721     0.586       0.4002      -0.1807     
0.414       0.4023      -0.1764     0.584       0.4023      -0.1758     
0.416       0.4043      -0.1691     0.582       0.4043      -0.1797     
0.418       0.4064      -0.173      0.58        0.4064      -0.1776     
0.42        0.4084      -0.177      0.578       0.4084      -0.1807     
0.422       0.4104      -0.1773     0.576       0.4104      -0.1712     
0.424       0.4125      -0.1773     0.574       0.4125      -0.1773     
0.426       0.4145      -0.1749     0.572       0.4145      -0.1782     
0.428       0.4166      -0.174      0.57        0.4166      -0.1846     
0.43        0.4186      -0.17       0.568       0.4186      -0.1752     
0.432       0.4206      -0.1709     0.566       0.4206      -0.1785     
0.434       0.4227      -0.1736     0.564       0.4227      -0.1837     
0.436       0.4247      -0.1764     0.562       0.4247      -0.1825     
0.438       0.4268      -0.1724     0.56        0.4268      -0.1788     
0.44        0.4288      -0.1718     0.558       0.4288      -0.1837     
0.442       0.4308      -0.1712     0.556       0.4308      -0.1779     
0.444       0.4329      -0.1755     0.554       0.4329      -0.1831     
0.446       0.4349      -0.1733     0.552       0.4349      -0.1831     
0.448       0.437       -0.177      0.55        0.437       -0.188      
0.45        0.439       -0.1733     0.548       0.439       -0.1791     
0.452       0.441       -0.17       0.546       0.441       -0.1804     
0.454       0.4431      -0.1721     0.544       0.4431      -0.1816     
0.456       0.4451      -0.174      0.542       0.4451      -0.1843     
0.458       0.4472      -0.1767     0.54        0.4472      -0.1785     
0.46        0.4492      -0.1685     0.538       0.4492      -0.1801     
0.462       0.4512      -0.177      0.536       0.4512      -0.1801     
0.464       0.4533      -0.1685     0.534       0.4533      -0.1797     
0.466       0.4553      -0.1733     0.532       0.4553      -0.1852     
0.468       0.4574      -0.174      0.53        0.4574      -0.1779     
0.47        0.4594      -0.174      0.528       0.4594      -0.1813     
0.472       0.4614      -0.1688     0.526       0.4614      -0.1871     
0.474       0.4635      -0.1712     0.524       0.4635      -0.1828     
0.476       0.4655      -0.1767     0.522       0.4655      -0.1819     
0.478       0.4676      -0.1761     0.52        0.4676      -0.1816     
0.48        0.4696      -0.1727     0.518       0.4696      -0.1834     
0.482       0.4716      -0.1801     0.516       0.4716      -0.1794     
0.484       0.4737      -0.1794     0.514       0.4737      -0.1804     
0.486       0.4757      -0.1764     0.512       0.4757      -0.166      
0.488       0.4778      -0.177      0.51        0.4778      -0.1923     
0.49        0.4798      -0.1807     0.508       0.4798      -0.184      
0.492       0.4818      -0.1837     0.506       0.4818      -0.1868     
0.494       0.4839      -0.177      0.504       0.4839      -0.1837     
0.496       0.4859      -0.1709     0.502       0.4859      -0.1834     
0.498       0.488       -0.1758     0.5         0.488       -0.1859     
0.5         0.49        -0.1758     0.498       0.49        -0.1843     
0.502       0.492       -0.1788     0.496       0.492       -0.1855     
0.504       0.4941      -0.1788     0.494       0.4941      -0.1895     
0.506       0.4961      -0.1749     0.492       0.4961      -0.1862     
0.508       0.4982      -0.1749     0.49        0.4982      -0.184      
0.51        0.5002      -0.1761     0.488       0.5002      -0.1849     
0.512       0.5022      -0.1752     0.486       0.5022      -0.1871     
0.514       0.5043      -0.1807     0.484       0.5043      -0.1944     
0.516       0.5063      -0.174      0.482       0.5063      -0.1859     
0.518       0.5084      -0.17       0.48        0.5084      -0.1862     
0.52        0.5104      -0.173      0.478       0.5104      -0.1938     
0.522       0.5124      -0.1727     0.476       0.5124      -0.1917     
0.524       0.5145      -0.1794     0.474       0.5145      -0.191      
0.526       0.5165      -0.177      0.472       0.5165      -0.1843     
0.528       0.5186      -0.177      0.47        0.5186      -0.1904     
0.53        0.5206      -0.1791     0.468       0.5206      -0.1868     
0.532       0.5226      -0.1794     0.466       0.5226      -0.1904     
0.534       0.5247      -0.1767     0.464       0.5247      -0.1889     
0.536       0.5267      -0.1758     0.462       0.5267      -0.1862     
0.538       0.5288      -0.1752     0.46        0.5288      -0.1907     
0.54        0.5308      -0.1746     0.458       0.5308      -0.1883     
0.542       0.5328      -0.1807     0.456       0.5328      -0.1871     
0.544       0.5349      -0.1797     0.454       0.5349      -0.1923     
0.546       0.5369      -0.1776     0.452       0.5369      -0.1855     
0.548       0.539       -0.1709     0.45        0.539       -0.192      
0.55        0.541       -0.1822     0.448       0.541       -0.1917     
0.552       0.543       -0.1758     0.446       0.543       -0.1871     
0.554       0.5451      -0.1782     0.444       0.5451      -0.1868     
0.556       0.5471      -0.1746     0.442       0.5471      -0.1859     
0.558       0.5492      -0.1819     0.44        0.5492      -0.1865     
0.56        0.5512      -0.1807     0.438       0.5512      -0.1859     
0.562       0.5532      -0.1749     0.436       0.5532      -0.1901     
0.564       0.5553      -0.1752     0.434       0.5553      -0.188      
0.566       0.5573      -0.181      0.432       0.5573      -0.1938     
0.568       0.5594      -0.177      0.43        0.5594      -0.1904     
0.57        0.5614      -0.1813     0.428       0.5614      -0.1855     
0.572       0.5634      -0.1807     0.426       0.5634      -0.1904     
0.574       0.5655      -0.1724     0.424       0.5655      -0.188      
0.576       0.5675      -0.1785     0.422       0.5675      -0.1889     
0.578       0.5696      -0.1788     0.42        0.5696      -0.1877     
0.58        0.5716      -0.1804     0.418       0.5716      -0.1886     
0.582       0.5736      -0.1773     0.416       0.5736      -0.1889     
0.584       0.5757      -0.1819     0.414       0.5757      -0.1767     
0.586       0.5777      -0.1807     0.412       0.5777      -0.1849     
0.588       0.5798      -0.1761     0.41        0.5798      -0.1953     
0.59        0.5818      -0.1788     0.408       0.5818      -0.1923     
0.592       0.5838      -0.1788     0.406       0.5838      -0.188      
0.594       0.5859      -0.1797     0.404       0.5859      -0.1981     
0.596       0.5879      -0.1794     0.402       0.5879      -0.1895     
0.598       0.59        -0.1831     0.4         0.59        -0.1944     
0.6         0.592       -0.1788     0.398       0.592       -0.1938     
0.602       0.594       -0.1791     0.396       0.594       -0.1895     
0.604       0.5961      -0.1813     0.394       0.5961      -0.192      
0.606       0.5981      -0.1801     0.392       0.5981      -0.1929     
0.608       0.6002      -0.1752     0.39        0.6002      -0.1868     
0.61        0.6022      -0.1816     0.388       0.6022      -0.1953     
0.612       0.6042      -0.181      0.386       0.6042      -0.1996     
0.614       0.6063      -0.1782     0.384       0.6063      -0.1917     
0.616       0.6083      -0.1782     0.382       0.6083      -0.1889     
0.618       0.6104      -0.1773     0.38        0.6104      -0.1913     
0.62        0.6124      -0.1782     0.378       0.6124      -0.1999     
0.622       0.6144      -0.1797     0.376       0.6144      -0.1917     
0.624       0.6165      -0.1791     0.374       0.6165      -0.1883     
0.626       0.6185      -0.1855     0.372       0.6185      -0.1953     
0.628       0.6206      -0.177      0.37        0.6206      -0.1917     
0.63        0.6226      -0.1782     0.368       0.6226      -0.1938     
0.632       0.6246      -0.173      0.366       0.6246      -0.1944     
0.634       0.6267      -0.1819     0.364       0.6267      -0.1938     
0.636       0.6287      -0.1801     0.362       0.6287      -0.1971     
0.638       0.6308      -0.1779     0.36        0.6308      -0.1953     
0.64        0.6328      -0.1779     0.358       0.6328      -0.1935     
0.642       0.6348      -0.1675     0.356       0.6348      -0.2109     
0.644       0.6369      -0.1807     0.354       0.6369      -0.1947     
0.646       0.6389      -0.177      0.352       0.6389      -0.1968     
0.648       0.641       -0.1782     0.35        0.641       -0.1974     
0.65        0.643       -0.1816     0.348       0.643       -0.1962     
0.652       0.645       -0.1813     0.346       0.645       -0.1913     
0.654       0.6471      -0.1794     0.344       0.6471      -0.1929     
0.656       0.6491      -0.1813     0.342       0.6491      -0.1968     
0.658       0.6512      -0.1776     0.34        0.6512      -0.1984     
0.66        0.6532      -0.181      0.338       0.6532      -0.1965     
0.662       0.6552      -0.1813     0.336       0.6552      -0.1938     
0.664       0.6573      -0.1859     0.334       0.6573      -0.1953     
0.666       0.6593      -0.1825     0.332       0.6593      -0.1959     
0.668       0.6614      -0.1791     0.33        0.6614      -0.1984     
0.67        0.6634      -0.1837     0.328       0.6634      -0.1935     
0.672       0.6654      -0.1782     0.326       0.6654      -0.2017     
0.674       0.6675      -0.1797     0.324       0.6675      -0.1984     
0.676       0.6695      -0.1807     0.322       0.6695      -0.1962     
0.678       0.6716      -0.184      0.32        0.6716      -0.1959     
0.68        0.6736      -0.1859     0.318       0.6736      -0.1953     
0.682       0.6756      -0.1801     0.316       0.6756      -0.1956     
0.684       0.6777      -0.1816     0.314       0.6777      -0.1953     
0.686       0.6797      -0.1895     0.312       0.6797      -0.1917     
0.688       0.6818      -0.181      0.31        0.6818      -0.1987     
0.69        0.6838      -0.184      0.308       0.6838      -0.2014     
0.692       0.6858      -0.1834     0.306       0.6858      -0.2023     
0.694       0.6879      -0.1758     0.304       0.6879      -0.199      
0.696       0.6899      -0.1807     0.302       0.6899      -0.1956     
0.698       0.692       -0.1834     0.3         0.692       -0.1953     
0.7         0.694       -0.1822     0.298       0.694       -0.1981     
0.702       0.696       -0.184      0.296       0.696       -0.2014     
0.704       0.6981      -0.1834     0.294       0.6981      -0.1947     
0.706       0.7001      -0.1782     0.292       0.7001      -0.1984     
0.708       0.7022      -0.1855     0.29        0.7022      -0.1978     
0.71        0.7042      -0.1828     0.288       0.7042      -0.1938     
0.712       0.7062      -0.1807     0.286       0.7062      -0.2005     
0.714       0.7083      -0.1871     0.284       0.7083      -0.1981     
0.716       0.7103      -0.1837     0.282       0.7103      -0.2002     
0.718       0.7124      -0.1859     0.28        0.7124      -0.2002     
0.72        0.7144      -0.1819     0.278       0.7144      -0.1807     
0.722       0.7164      -0.1843     0.276       0.7164      -0.2029     
0.724       0.7185      -0.1813     0.274       0.7185      -0.1971     
0.726       0.7205      -0.1874     0.272       0.7205      -0.199      
0.728       0.7226      -0.1807     0.27        0.7226      -0.1953     
0.73        0.7246      -0.1828     0.268       0.7246      -0.209      
0.732       0.7266      -0.1846     0.266       0.7266      -0.1944     
0.734       0.7287      -0.1819     0.264       0.7287      -0.2008     
0.736       0.7307      -0.1859     0.262       0.7307      -0.1987     
0.738       0.7328      -0.1849     0.26        0.7328      -0.1996     
0.74        0.7348      -0.1883     0.258       0.7348      -0.1965     
0.742       0.7368      -0.1883     0.256       0.7368      -0.1978     
0.744       0.7389      -0.1825     0.254       0.7389      -0.202      
0.746       0.7409      -0.1797     0.252       0.7409      -0.1984     
0.748       0.743       -0.1837     0.25        0.743       -0.2011     
0.75        0.745       -0.1825     0.248       0.745       -0.2014     
0.752       0.747       -0.1788     0.246       0.747       -0.1987     
0.754       0.7491      -0.1895     0.244       0.7491      -0.1953     
0.756       0.7511      -0.1831     0.242       0.7511      -0.2002     
0.758       0.7532      -0.1834     0.24        0.7532      -0.1947     
0.76        0.7552      -0.1813     0.238       0.7552      -0.1974     
0.762       0.7572      -0.1886     0.236       0.7572      -0.1968     
0.764       0.7593      -0.1813     0.234       0.7593      -0.1965     
0.766       0.7613      -0.1889     0.232       0.7613      -0.2011     
0.768       0.7634      -0.188      0.23        0.7634      -0.2039     
0.77        0.7654      -0.1871     0.228       0.7654      -0.2179     
0.772       0.7674      -0.184      0.226       0.7674      -0.2002     
0.774       0.7695      -0.1852     0.224       0.7695      -0.2029     
0.776       0.7715      -0.1746     0.222       0.7715      -0.2002     
0.778       0.7736      -0.1822     0.22        0.7736      -0.2005     
0.78        0.7756      -0.1822     0.218       0.7756      -0.2005     
0.782       0.7776      -0.1822     0.216       0.7776      -0.1993     
0.784       0.7797      -0.1825     0.214       0.7797      -0.1953     
0.786       0.7817      -0.1926     0.212       0.7817      -0.2014     
0.788       0.7838      -0.1868     0.21        0.7838      -0.2042     
0.79        0.7858      -0.188      0.208       0.7858      -0.1981     
0.792       0.7878      -0.1889     0.206       0.7878      -0.2002     
0.794       0.7899      -0.1877     0.204       0.7899      -0.2087     
0.796       0.7919      -0.1868     0.202       0.7919      -0.199      
0.798       0.794       -0.184      0.2         0.794       -0.202      
0.8         0.796       -0.1886     0.198       0.796       -0.2002     
0.802       0.798       -0.188      0.196       0.798       -0.2002     
0.804       0.8001      -0.1892     0.194       0.8001      -0.2002     
0.806       0.8021      -0.1913     0.192       0.8021      -0.1993     
0.808       0.8042      -0.188      0.19        0.8042      -0.202      
0.81        0.8062      -0.1901     0.188       0.8062      -0.2002     
0.812       0.8082      -0.1904     0.186       0.8082      -0.2036     
0.814       0.8103      -0.1846     0.184       0.8103      -0.1978     
0.816       0.8123      -0.1886     0.182       0.8123      -0.1953     
0.818       0.8144      -0.1825     0.18        0.8144      -0.1999     
0.82        0.8164      -0.1865     0.178       0.8164      -0.1984     
0.822       0.8184      -0.1819     0.176       0.8184      -0.1993     
0.824       0.8205      -0.1965     0.174       0.8205      -0.2032     
0.826       0.8225      -0.1917     0.172       0.8225      -0.1974     
0.828       0.8246      -0.1904     0.17        0.8246      -0.1974     
0.83        0.8266      -0.1904     0.168       0.8266      -0.1956     
0.832       0.8286      -0.1895     0.166       0.8286      -0.2045     
0.834       0.8307      -0.1892     0.164       0.8307      -0.1978     
0.836       0.8327      -0.1956     0.162       0.8327      -0.2032     
0.838       0.8348      -0.1895     0.16        0.8348      -0.1932     
0.84        0.8368      -0.1874     0.158       0.8368      -0.1965     
0.842       0.8388      -0.1898     0.156       0.8388      -0.1822     
0.844       0.8409      -0.1865     0.154       0.8409      -0.2057     
0.846       0.8429      -0.1871     0.152       0.8429      -0.1953     
0.848       0.845       -0.1865     0.15        0.845       -0.1996     
0.85        0.847       -0.1865     0.148       0.847       -0.1993     
0.852       0.849       -0.1898     0.146       0.849       -0.2032     
0.854       0.8511      -0.1874     0.144       0.8511      -0.202      
0.856       0.8531      -0.1886     0.142       0.8531      -0.2014     
0.858       0.8552      -0.188      0.14        0.8552      -0.2008     
0.86        0.8572      -0.1895     0.138       0.8572      -0.2051     
0.862       0.8592      -0.1895     0.136       0.8592      -0.217      
0.864       0.8613      -0.1904     0.134       0.8613      -0.2151     
0.866       0.8633      -0.1923     0.132       0.8633      -0.2112     
0.868       0.8654      -0.1892     0.13        0.8654      -0.21       
0.87        0.8674      -0.1907     0.128       0.8674      -0.2121     
0.872       0.8694      -0.192      0.126       0.8694      -0.21       
0.874       0.8715      -0.191      0.124       0.8715      -0.2045     
0.876       0.8735      -0.1904     0.122       0.8735      -0.209      
0.878       0.8756      -0.1886     0.12        0.8756      -0.2011     
0.88        0.8776      -0.1947     0.118       0.8776      -0.2014     
0.882       0.8796      -0.1907     0.116       0.8796      -0.2292     
0.884       0.8817      -0.1941     0.114       0.8817      -0.2249     
0.886       0.8837      -0.1907     0.112       0.8837      -0.213      
0.888       0.8858      -0.1941     0.11        0.8858      -0.2124     
0.89        0.8878      -0.1913     0.108       0.8878      -0.2124     
0.892       0.8898      -0.1855     0.106       0.8898      -0.2029     
0.894       0.8919      -0.1886     0.104       0.8919      -0.2155     
0.896       0.8939      -0.1968     0.102       0.8939      -0.2039     
0.898       0.896       -0.1907     0.1         0.896       -0.257      
0.9         0.898       -0.1907     0.098       0.898       -0.246      
0.902       0.9         -0.188      0.096       0.9         -0.2765     
0.904       0.9021      -0.1892     0.094       0.9021      -0.2893     
0.906       0.9041      -0.1926     0.092       0.9041      -0.3098     
0.908       0.9062      -0.191      0.09        0.9062      -0.3452     
0.91        0.9082      -0.1904     0.088       0.9082      -0.3421     
0.912       0.9102      -0.1926     0.086       0.9102      -0.3375     
0.914       0.9123      -0.1892     0.084       0.9123      -0.3265     
0.916       0.9143      -0.1953     0.082       0.9143      -0.3076     
0.918       0.9164      -0.1913     0.08        0.9164      -0.2914     
0.92        0.9184      -0.1956     0.078       0.9184      -0.2802     
0.922       0.9204      -0.1874     0.076       0.9204      -0.2576     
0.924       0.9225      -0.1904     0.074       0.9225      -0.2444     
0.926       0.9245      -0.1923     0.072       0.9245      -0.2307     
0.928       0.9266      -0.1996     0.07        0.9266      -0.2167     
0.93        0.9286      -0.1913     0.068       0.9286      -0.1941     
0.932       0.9306      -0.1892     0.066       0.9306      -0.1794     
0.934       0.9327      -0.1953     0.064       0.9327      -0.162      
0.936       0.9347      -0.1892     0.062       0.9347      -0.1373     
0.938       0.9368      -0.1797     0.06        0.9368      -0.1248     
0.94        0.9388      -0.1691     0.058       0.9388      -0.1111     
0.942       0.9408      -0.1584     0.056       0.9408      -0.09491    
0.944       0.9429      -0.1508     0.054       0.9429      -0.07294    
0.946       0.9449      -0.1315     0.052       0.9449      -0.05646    
0.948       0.947       -0.105      0.05        0.947       -0.04028    
0.95        0.949       -0.09949    0.048       0.949       -0.01465    
0.952       0.951       -0.0766     0.046       0.951       0.004883    
0.954       0.9531      -0.05676    0.044       0.9531      0.01831     
0.956       0.9551      -0.04517    0.042       0.9551      0.04028     
0.958       0.9572      -0.02014    0.04        0.9572      0.05676     
0.96        0.9592      -0.004883   0.038       0.9592      0.06958     
0.962       0.9612      0.01465     0.036       0.9612      0.08789     
0.964       0.9633      0.02991     0.034       0.9633      0.1105      
0.966       0.9653      0.05463     0.032       0.9653      0.1346      
0.968       0.9674      0.06989     0.03        0.9674      0.1407      
0.97        0.9694      0.08667     0.028       0.9694      0.1678      
0.972       0.9714      0.1065      0.026       0.9714      0.1804      
0.974       0.9735      0.126       0.024       0.9735      0.1962      
0.976       0.9755      0.1443      0.022       0.9755      0.2084      
0.978       0.9776      0.1614      0.02        0.9776      0.2322      
0.98        0.9796      0.1865      0.018       0.9796      0.2469      
0.982       0.9816      0.2039      0.016       0.9816      0.2512      
0.984       0.9837      0.2182      0.014       0.9837      0.2856      
0.986       0.9857      0.2423      0.012       0.9857      0.3006      
0.988       0.9878      0.2603      0.01        0.9878      0.3149      
0.99        0.9898      0.2756      0.008       0.9898      0.3311      
0.992       0.9918      0.2911      0.006       0.9918      0.3528      
0.994       0.9939      0.3162      0.004       0.9939      0.3653      
0.996       0.9959      0.3329      0.002       0.9959      0.3726      
0.998       0.998       0.3488      -8.743e-016 0.998       0.3488      
                                                                                                                                                                                                                                                                                                                                                                                                                                                                                                                                                                                                                                                                                                                                                                                                                                                                                                                                                                                                                                                                                                                                                                                                                                                                                                                                                                                                                                                                                                                                                                                                                                                                                                                                                                                                                                                                                                                                                                                                                                                                                                                                                                                                                                                                                                                                                                                                                                                                                                                                                                                                                                                                                                                                                                                                                                                                                                                                                                                                                                                                                                                                                                                                                                                                                                                                                                                                                                                                                                                                                                                                                                                                                                                                                                                                                                                                                                                                                                                                                                                                                                                                                                                                                                                                                                                                                                                                                                                                                                                                                                                                                                                                                                                                                                                                                                                                                                                                                                                                                                                                                                                                                                                                                                                                                                                                                                                                                                                                                                                                                                                                                                                                                                                                                                                                                                                                                                                                                                                                                                                                                                                                                                                                                                                                                                                                                                                                                                                                                                                                                                                                                                                                                                                                                                                                                                                                                                                                                                                                                                                                                                                                                                                                                                                                                                                                                                                                                                                                                                                                                                                                                                                                                                                                                                                                                                                                                                                                                                                                                                                                                                                                                                                                                                                                                                                                                                                                                                                                                                                                                                                                                                                                                                                                                                                                                                                                                                                                                                                                                                                                                                                                                                                                                                                                                                                                                                                                                                                                                                                                                                                                                                                                                                                                                                                                                                                                                                                                                                                                                                                                                                                                                                                                                                                                                                                                                                                                                                                                                                                                                                                                                                                                                                                                                                                                                                                                                                                                                                                                                                                                                                                                                                                                                                                                                                                                                                                                                                                                                                                                                                                                                                                                                                                                                                                                                                                                                                                                                                                                                                                                                                                                                                                                                                                                                                                                                                                                                                                                                                                                                                                                                                                                                                                                                                                                                                                                                                                                                                                                                                                                                                                                                                                                                                                                                                                                                                                                                                                                                                                                                                                                                                                                                                                                                                                                                                                                                                                                                                                                                                                                                                                                                                                                                                                                                                                                                                                                                                                                                                                                                                                                                                                                                                                                                                                                                                                                                                                                                                                                                                                                                                                                                                                                                                                                                                                                                                                                                                                                                                                                                                                                                                                                                                                                                                                                                                                                                                                                                                                                                                                                                                                                                                                                                                                                                                                                                                                                                                                                                                                                                                                                                                                                                                                                                                                                                                                                                                                                                                                                                                                                                                                                                                                                                                                                                                                                                                                                                                                                                                                                                                                                                                                                                                                                                                                                                                                                                                                                                                                                                                                                                                                                                                                                                                                                                                                                                                                                                                                                                                                                                                                                                                                                                                                                                                                                                                                                                                                                                                                                                                                                                                                                                                                                                                                                                                                                                                                                                                                                                                                                                                                                                                                                                                                                                                                                                                                                                                                                                                                                                                                                                                                                                                                                                                                                                                                                                                                                                                                                                                                                                                                                                                                                                                                                                                                                                                                                                                                                                                                                                                                                                                                                                                                                                                                                                                                                                                                                                                                                                                                                                                                                                                                                                                                                                                                                                                                                                                                                                                                                                                                                                                                                                                                                                                                                                                                                                                                                                                                                                                                                                                                                                                                                                                                                                                                                                                                                                                                                                                                                                                                                                                                                                                                                                                                                                                                                                                                                                                                                                                                                                                                                                                                                                                                                                                                                                                                                                                                                                                                                                                                                                                                                                                                                                                                                                                                                                                                                                                                                                                                                                                                                                                                                                                                                                                                                                                                                                                                                                                                                                                                                                                                                                                                                                                                                                                                                                                                                                                                                                                                                                                                                                                                                                                                                                                                                                                                                                                                                                                                                                                                                                                                                                                                                                                                                                                                                                                                                                                                                                                                                                                                                                                                                                                                                                                                                                                                                                                                                                                                                                                                                                                                                                                                                                                                                                                                                                                                                                                                                                                                                                                                                                                                                                                                                                                                                                                                                                                                                                                                                                                                                                                                                                                                                                                                                                                                                                                                                                                                                                                                                                                                                                                                                                                                                                                                                                                                                                                                                                                                                                                                                                                                                                                                                                                                                                                                                                                                                                                                                                                                                                                                                                                                                                                                                                                                                                                                                                                                                                                                                                                                                                                                                                                                                                                                                                                                                                                                                                                                                                                                                                                                                                                                                                                                                                                                                                                                                                                                                                                                                                                                                                                                                                                                                                                                                                                                                                                                                                                                                                                                                                                                                                                                                                                                                                                                                                                                                                                                                                                                                                                                                                                                                                                                                                                                                                                                                                                                                                                                                                                                                                                                                                                                                                                                                                                                                                                                                                                                                                                                                                                                                                                                                                                                                                                                                                                                                                                                                                                                                                                                                                                                                                                                                                                                                                                                                                                                                                                                                                                                                                                                                                                                                                                                                                                                                                                                                                                                                                                                                                                                                                                                                                                                                                                                                                                                                                                                                                                                                                                                                                                                                                                                                                                                                                                                                                                                                                                                                                                                                                                                                                                                                                                                                                                                                                                                                                                                                                                                                                                                                                                                                                                                                                                                                                                                                                                                                                                                                                                                                                                                                                                                                                                                                                                                                                                                                                                                                                                                                                                                                                                                                                                                                                                                                                                                                                                                                                                                                                                                                                                                                                                                                                                                                                                                                                                                                                                                                                                                                                                                                                                                                                                                                                                                                                                                                                                                                                                                                                                                                                                                                                                                                                                                                                                                                                                     